10 90 10
0.6296 0.4020
0.8805 0.5822
0.8126 0.9687
0.1445 0.8522
0.9856 0.2780
0.7121 0.9406
0.1906 0.3994
0.7045 0.2719
0.2951 0.0326
0.8710 0.0189
0.6959 0.2815
0.0545 0.8935
0.3264 0.2406
0.9755 0.5304
0.7800 0.3324
0.1967 0.0892
0.4983 0.6770
0.6534 0.0534
0.9730 0.7504
0.7534 0.6841
0.5900 0.5906
0.0282 0.4556
0.4046 0.5848
0.6489 0.4121
0.1297 0.7159
0.7697 0.2229
0.6293 0.7516
0.1789 0.5517
0.8329 0.2529
0.6672 0.2444
0.0134 0.0150
0.9691 0.4397
0.6347 0.0114
0.3429 0.4698
0.8025 0.4613
0.5770 0.7241
0.6607 0.1975
0.0149 0.9009
0.6858 0.9300
0.6229 0.2799
0.4658 0.2989
0.4989 0.8136
0.3999 0.1083
0.0710 0.1070
0.6970 0.9663
0.7632 0.4540
0.6609 0.6505
0.0100 0.3810
0.2505 0.5227
0.5246 0.9551
0.1870 0.7252
0.5963 0.6625
0.1042 0.2190
0.3084 0.8704
0.9756 0.0262
0.2940 0.7832
0.5851 0.2459
0.6193 0.4521
0.6704 0.9876
0.8312 0.9302
0.8427 0.4990
0.6758 0.6177
0.8775 0.4740
0.6543 0.9851
0.6525 0.1410
0.7654 0.9126
0.4258 0.6671
0.4736 0.5038
0.5569 0.8430
0.8781 0.3885
0.3774 0.1854
0.0277 0.0767
0.8140 0.5374
0.5664 0.5584
0.7990 0.7439
0.1758 0.5871
0.3174 0.7654
0.6438 0.2516
0.5375 0.5939
0.3453 0.8832
0.1220 0.3382
0.5568 0.3491
0.7188 0.7286
0.6857 0.1003
0.3711 0.7843
0.3129 0.9305
0.6995 0.8485
0.5401 0.7382
0.7621 0.0698
0.5996 0.2453
0.9104 0.8546
0.1453 0.1062
0.8856 0.7226
0.0132 0.7513
0.1467 0.8531
0.8077 0.1105
0.5435 0.1498
0.6858 0.2335
0.2636 0.9069
0.4983 0.1175
0.0000 0.3089 0.5955 0.6618 0.3770 0.5449 0.4390 0.1501 0.4983 0.4528 0.1375 0.7565 0.3434 0.3690 0.1657 0.5341 0.3046 0.3495 0.4892 0.3081 0.1926 0.6037 0.2898 0.0218 0.5902 0.2274 0.3496 0.4749 0.2521 0.1621 0.7276 0.3416 0.3907 0.2946 0.1828 0.3263 0.2069 0.7916 0.5309 0.1223 0.1936 0.4318 0.3729 0.6317 0.5683 0.1433 0.2504 0.6200 0.3978 0.5629 0.5480 0.2625 0.5563 0.5679 0.5109 0.5079 0.1623 0.0511 0.5870 0.5654 0.2342 0.2206 0.2582 0.5836 0.2620 0.5283 0.3343 0.1862 0.4470 0.2489 0.3325 0.6842 0.2287 0.1687 0.3815 0.4901 0.4791 0.1511 0.2129 0.5589 0.5116 0.0900 0.3386 0.3069 0.4615 0.6161 0.4519 0.3479 0.3577 0.1596 0.5326 0.5675 0.4102 0.7085 0.6608 0.3417 0.2665 0.1777 0.6235 0.3133
0.3089 0.0000 0.3924 0.7840 0.3218 0.3960 0.7137 0.3567 0.8029 0.5634 0.3528 0.8827 0.6509 0.1082 0.2692 0.8430 0.3937 0.5755 0.1920 0.1629 0.2906 0.8616 0.4759 0.2874 0.7626 0.3760 0.3030 0.7023 0.3327 0.3996 1.0361 0.1678 0.6215 0.5493 0.1438 0.3350 0.4430 0.9224 0.3986 0.3972 0.5023 0.4463 0.6749 0.9386 0.4257 0.1738 0.2300 0.8935 0.6328 0.5155 0.7081 0.2953 0.8570 0.6406 0.5641 0.6200 0.4476 0.2918 0.4566 0.3515 0.0913 0.2077 0.1082 0.4621 0.4966 0.3499 0.4626 0.4144 0.4156 0.1937 0.6408 0.9914 0.0802 0.3150 0.1810 0.7048 0.5922 0.4066 0.3433 0.6140 0.7967 0.3989 0.2182 0.5197 0.5481 0.6660 0.3221 0.3745 0.5259 0.4386 0.2740 0.8759 0.1405 0.8837 0.7822 0.4773 0.5482 0.3993 0.6971 0.6017
0.5955 0.3924 0.0000 0.6782 0.7120 0.1043 0.8432 0.7051 1.0696 0.9516 0.6970 0.7618 0.8755 0.4676 0.6371 1.0737 0.4288 0.9290 0.2709 0.2906 0.4388 0.9373 0.5602 0.5802 0.7281 0.7470 0.2841 0.7586 0.7161 0.7388 1.2443 0.5517 0.9737 0.6852 0.5075 0.3396 0.7860 0.8005 0.1326 0.7145 0.7543 0.3499 0.9542 1.1368 0.1156 0.5171 0.3525 0.9948 0.7175 0.2883 0.6714 0.3749 1.0314 0.5137 0.9565 0.5507 0.7577 0.5516 0.1434 0.0427 0.4706 0.3767 0.4989 0.1591 0.8430 0.0734 0.4905 0.5754 0.2849 0.5839 0.8961 1.1882 0.4313 0.4785 0.2252 0.7424 0.5353 0.7367 0.4649 0.4750 0.9351 0.6703 0.2577 0.8776 0.4785 0.5012 0.1650 0.3569 0.9003 0.7541 0.1503 1.0905 0.2567 0.8285 0.6758 0.8582 0.8620 0.7460 0.5524 0.9073
0.6618 0.7840 0.6782 0.0000 1.0184 0.5745 0.4552 0.8065 0.8333 1.1056 0.7936 0.0990 0.6381 0.8912 0.8210 0.7648 0.3949 0.9472 0.8348 0.6317 0.5167 0.4133 0.3731 0.6695 0.1371 0.8871 0.4951 0.3025 0.9127 0.8017 0.8474 0.9220 0.9733 0.4308 0.7654 0.4511 0.8337 0.1384 0.5469 0.7460 0.6399 0.3565 0.7865 0.7488 0.5642 0.7358 0.5544 0.4901 0.3462 0.3938 0.1340 0.4901 0.6345 0.1650 1.1718 0.1647 0.7495 0.6210 0.5431 0.6912 0.7825 0.5808 0.8249 0.5269 0.8740 0.6238 0.3368 0.4793 0.4125 0.8679 0.7063 0.7843 0.7398 0.5142 0.6634 0.2670 0.1935 0.7811 0.4703 0.2032 0.5145 0.6505 0.5875 0.9265 0.2365 0.1857 0.5550 0.4117 0.9968 0.7586 0.7659 0.7461 0.7523 0.1656 0.0024 0.9950 0.8079 0.8221 0.1311 0.8155
0.3770 0.3218 0.7120 1.0184 0.0000 0.7169 0.8042 0.2812 0.7328 0.2833 0.2897 1.1162 0.6602 0.2526 0.2127 0.8111 0.6297 0.4010 0.4726 0.4678 0.5041 0.9737 0.6570 0.3624 0.9614 0.2228 0.5927 0.8518 0.1548 0.3202 1.0071 0.1625 0.4407 0.6707 0.2591 0.6049 0.3347 1.1533 0.7176 0.3627 0.5202 0.7237 0.6098 0.9304 0.7464 0.2836 0.4941 0.9811 0.7747 0.8191 0.9153 0.5471 0.8833 0.8998 0.2520 0.8565 0.4018 0.4055 0.7764 0.6703 0.2632 0.4597 0.2238 0.7809 0.3601 0.6717 0.6817 0.5596 0.7093 0.1541 0.6152 0.9788 0.3111 0.5043 0.5018 0.8668 0.8271 0.3428 0.5483 0.8811 0.8657 0.4346 0.5237 0.3485 0.7962 0.9372 0.6383 0.6405 0.3055 0.3873 0.5815 0.8577 0.4557 1.0815 1.0171 0.2443 0.4603 0.3030 0.9575 0.5130
0.5449 0.3960 0.1043 0.5745 0.7169 0.0000 0.7516 0.6688 0.9992 0.9353 0.6593 0.6593 0.7992 0.4876 0.6120 0.9952 0.3394 0.8892 0.3229 0.2598 0.3708 0.8384 0.4703 0.5323 0.6242 0.7200 0.2064 0.6600 0.6983 0.6977 1.1597 0.5630 0.9325 0.5983 0.4878 0.2552 0.7449 0.6983 0.0284 0.6667 0.6874 0.2482 0.8889 1.0516 0.0298 0.4894 0.2946 0.8979 0.6227 0.1881 0.5676 0.3013 0.9435 0.4097 0.9517 0.4467 0.7062 0.4973 0.0628 0.1196 0.4605 0.3250 0.4951 0.0729 0.8018 0.0602 0.3960 0.4977 0.1833 0.5766 0.8261 1.1022 0.4159 0.4090 0.2151 0.6424 0.4319 0.6924 0.3882 0.3712 0.8433 0.6115 0.2121 0.8407 0.3752 0.3994 0.0930 0.2657 0.8723 0.7044 0.2161 1.0088 0.2786 0.7241 0.5721 0.8356 0.8086 0.7076 0.4497 0.8504
0.4390 0.7137 0.8432 0.4552 0.8042 0.7516 0.0000 0.5295 0.3814 0.7796 0.5188 0.5125 0.2090 0.7958 0.5932 0.3102 0.4145 0.5778 0.8576 0.6308 0.4429 0.1718 0.2832 0.4585 0.3224 0.6054 0.5626 0.1528 0.6588 0.5012 0.4232 0.7795 0.5897 0.1678 0.6151 0.5048 0.5116 0.5314 0.7258 0.4485 0.2930 0.5164 0.3585 0.3158 0.7602 0.5752 0.5332 0.1816 0.1371 0.6484 0.3258 0.4836 0.1999 0.4856 0.8692 0.3976 0.4233 0.4320 0.7591 0.8320 0.6597 0.5321 0.6910 0.7471 0.5293 0.7705 0.3563 0.3017 0.5754 0.6876 0.2840 0.3615 0.6385 0.4081 0.6992 0.1883 0.3874 0.4767 0.3977 0.5080 0.0919 0.3697 0.6225 0.5785 0.4251 0.5450 0.6788 0.4868 0.6598 0.4371 0.8517 0.2967 0.7665 0.3941 0.4559 0.6814 0.4323 0.5223 0.5127 0.4173
0.1501 0.3567 0.7051 0.8065 0.2812 0.6688 0.5295 0.0000 0.4742 0.3029 0.0129 0.8994 0.3793 0.3745 0.0967 0.5396 0.4545 0.2244 0.5487 0.4151 0.3386 0.7008 0.4333 0.1508 0.7263 0.0816 0.4856 0.5954 0.1298 0.0464 0.7373 0.3133 0.2698 0.4122 0.2133 0.4698 0.0863 0.9333 0.6583 0.0820 0.2402 0.5794 0.3458 0.6546 0.6945 0.1913 0.3811 0.7031 0.5187 0.7065 0.6879 0.4052 0.6026 0.7177 0.3659 0.6557 0.1222 0.1993 0.7165 0.6704 0.2659 0.3470 0.2660 0.7149 0.1408 0.6435 0.4836 0.3272 0.5899 0.2091 0.3384 0.7044 0.2872 0.3180 0.4813 0.6155 0.6272 0.0640 0.3628 0.7090 0.5862 0.1666 0.4569 0.1726 0.6113 0.7662 0.5766 0.4944 0.2102 0.1082 0.6180 0.5833 0.4857 0.8413 0.8055 0.1916 0.2021 0.0427 0.7730 0.2576
0.4983 0.8029 1.0696 0.8333 0.7328 0.9992 0.3814 0.4742 0.0000 0.5760 0.4717 0.8939 0.2103 0.8430 0.5700 0.1135 0.6756 0.3588 0.9873 0.7966 0.6311 0.5002 0.5629 0.5188 0.7031 0.5113 0.7929 0.5320 0.5811 0.4281 0.2822 0.7873 0.3402 0.4398 0.6643 0.7468 0.4010 0.9123 0.9787 0.4106 0.3163 0.8072 0.1293 0.2362 1.0165 0.6298 0.7181 0.4502 0.4921 0.9506 0.7009 0.6982 0.2668 0.8379 0.6805 0.7506 0.3600 0.5301 1.0260 1.0455 0.7193 0.6980 0.7307 1.0180 0.3735 0.9977 0.6478 0.5039 0.8517 0.6830 0.1735 0.2710 0.7239 0.5917 0.8716 0.5672 0.7331 0.4117 0.6114 0.8521 0.3512 0.4107 0.8148 0.3964 0.7555 0.8980 0.9106 0.7469 0.4684 0.3714 1.0267 0.1669 0.9081 0.7720 0.8338 0.5185 0.2746 0.4393 0.8748 0.2202
0.4528 0.5634 0.9516 1.1056 0.2833 0.9353 0.7796 0.3029 0.5760 0.0000 0.3156 1.1965 0.5879 0.5220 0.3265 0.6779 0.7562 0.2203 0.7386 0.6755 0.6370 0.9492 0.7333 0.4516 1.0175 0.2278 0.7715 0.8734 0.2371 0.3039 0.8576 0.4321 0.2365 0.6944 0.4477 0.7640 0.2759 1.2291 0.9297 0.3601 0.4925 0.8775 0.4795 0.8048 0.9633 0.4482 0.6656 0.9341 0.7993 0.9982 0.9832 0.6997 0.7924 1.0206 0.1049 0.9577 0.3651 0.5010 0.9892 0.9122 0.4810 0.6298 0.4551 0.9902 0.2503 0.8999 0.7863 0.6269 0.8820 0.3697 0.5209 0.8452 0.5216 0.6195 0.7285 0.8979 0.9294 0.3252 0.6648 1.0116 0.8142 0.4558 0.7259 0.2024 0.9142 1.0689 0.8472 0.7917 0.1202 0.3534 0.8366 0.7309 0.7039 1.1279 1.1047 0.1113 0.3527 0.2834 1.0758 0.3855
0.1375 0.3528 0.6970 0.7936 0.2897 0.6593 0.5188 0.0129 0.4717 0.3156 0.0000 0.8865 0.3717 0.3744 0.0983 0.5349 0.4420 0.2321 0.5447 0.4067 0.3266 0.6900 0.4204 0.1388 0.7136 0.0943 0.4748 0.5833 0.1400 0.0470 0.7326 0.3157 0.2770 0.4001 0.2091 0.4583 0.0911 0.9205 0.6485 0.0730 0.2307 0.5674 0.3429 0.6488 0.6848 0.1851 0.3706 0.6931 0.5065 0.6950 0.6751 0.3937 0.5949 0.7049 0.3788 0.6428 0.1164 0.1869 0.7065 0.6627 0.2625 0.3368 0.2647 0.7048 0.1470 0.6349 0.4707 0.3143 0.5785 0.2113 0.3327 0.6988 0.2818 0.3057 0.4737 0.6032 0.6143 0.0601 0.3503 0.6964 0.5766 0.1546 0.4477 0.1815 0.5986 0.7535 0.5670 0.4825 0.2219 0.1028 0.6119 0.5778 0.4802 0.8287 0.7926 0.2044 0.2014 0.0490 0.7602 0.2568
0.7565 0.8827 0.7618 0.0990 1.1162 0.6593 0.5125 0.8994 0.8939 1.1965 0.8865 0.0000 0.7073 0.9901 0.9172 0.8168 0.4939 1.0317 0.9296 0.7296 0.6153 0.4387 0.4668 0.7649 0.1929 0.9805 0.5921 0.3637 1.0081 0.8926 0.8795 1.0210 1.0558 0.5125 0.8639 0.5493 0.9230 0.0402 0.6323 0.8365 0.7230 0.4515 0.8578 0.7866 0.6466 0.8339 0.6533 0.5145 0.4194 0.4741 0.2142 0.5891 0.6763 0.2550 1.2652 0.2637 0.8372 0.7169 0.6230 0.7776 0.8814 0.6798 0.9238 0.6068 0.9612 0.7111 0.4349 0.5723 0.5050 0.9661 0.7783 0.8173 0.8388 0.6119 0.7594 0.3296 0.2924 0.8714 0.5683 0.2910 0.5594 0.7407 0.6845 1.0137 0.3349 0.2610 0.6465 0.5098 1.0859 0.8470 0.8568 0.7926 0.8485 0.1481 0.1007 1.0865 0.8901 0.9133 0.2096 0.8939
0.3434 0.6509 0.8755 0.6381 0.6602 0.7992 0.2090 0.3793 0.2103 0.5879 0.3717 0.7073 0.0000 0.7108 0.4627 0.1994 0.4690 0.3767 0.8234 0.6157 0.4381 0.3676 0.3529 0.3652 0.5144 0.4436 0.5940 0.3443 0.5066 0.3407 0.3858 0.6728 0.3841 0.2298 0.5248 0.5446 0.3370 0.7300 0.7774 0.2991 0.1510 0.5984 0.1513 0.2883 0.8148 0.4861 0.5290 0.3462 0.2921 0.7414 0.5042 0.5008 0.2233 0.6301 0.6837 0.5436 0.2587 0.3612 0.8223 0.8546 0.5773 0.5141 0.5985 0.8135 0.3409 0.8026 0.4379 0.3015 0.6450 0.5711 0.0751 0.3408 0.5708 0.3982 0.6903 0.3778 0.5249 0.3175 0.4115 0.6429 0.2265 0.2547 0.6262 0.3857 0.5455 0.6900 0.7132 0.5415 0.4680 0.2732 0.8473 0.2256 0.7382 0.5991 0.6383 0.4986 0.2353 0.3595 0.6692 0.2114
0.3690 0.1082 0.4676 0.8912 0.2526 0.4876 0.7958 0.3745 0.8430 0.5220 0.3744 0.9901 0.7108 0.0000 0.2783 0.8951 0.4992 0.5756 0.2201 0.2701 0.3902 0.9503 0.5735 0.3474 0.8659 0.3700 0.4109 0.7969 0.3120 0.4206 1.0914 0.0909 0.6209 0.6356 0.1863 0.4431 0.4582 1.0296 0.4936 0.4325 0.5599 0.5544 0.7138 0.9987 0.5174 0.2257 0.3368 0.9771 0.7251 0.6195 0.8123 0.4015 0.9253 0.7488 0.5042 0.7269 0.4831 0.3647 0.5497 0.4251 0.1365 0.3122 0.1131 0.5567 0.5059 0.4362 0.5665 0.5026 0.5225 0.1721 0.6905 1.0508 0.1617 0.4101 0.2770 0.8018 0.6989 0.4333 0.4427 0.7223 0.8749 0.4563 0.3244 0.5186 0.6556 0.7741 0.4212 0.4825 0.5076 0.4718 0.3307 0.9323 0.2122 0.9874 0.8894 0.4522 0.5757 0.4148 0.8054 0.6310
0.1657 0.2692 0.6371 0.8210 0.2127 0.6120 0.5932 0.0967 0.5700 0.3265 0.0983 0.9172 0.4627 0.2783 0.0000 0.6319 0.4450 0.3064 0.4604 0.3527 0.3205 0.7618 0.4523 0.1534 0.7549 0.1100 0.4455 0.6398 0.0955 0.1431 0.8297 0.2174 0.3524 0.4582 0.1309 0.4412 0.1801 0.9531 0.6049 0.1656 0.3160 0.5573 0.4412 0.7439 0.6393 0.1227 0.3396 0.7716 0.5626 0.6730 0.7113 0.3777 0.6852 0.7154 0.3634 0.6629 0.2132 0.2003 0.6643 0.6000 0.1781 0.3037 0.1719 0.6647 0.2300 0.5803 0.4873 0.3511 0.5572 0.1130 0.4286 0.7945 0.2078 0.3109 0.4119 0.6557 0.6336 0.1584 0.3567 0.7017 0.6580 0.2238 0.4009 0.2505 0.6094 0.7589 0.5224 0.4714 0.2633 0.2003 0.5382 0.6738 0.4042 0.8738 0.8198 0.2237 0.2988 0.1366 0.7724 0.3543
0.5341 0.8430 1.0737 0.7648 0.8111 0.9952 0.3102 0.5396 0.1135 0.6779 0.5349 0.8168 0.1994 0.8951 0.6319 0.0000 0.6606 0.4580 1.0197 0.8148 0.6372 0.4033 0.5374 0.5556 0.6303 0.5884 0.7911 0.4628 0.6568 0.4954 0.1977 0.8481 0.4448 0.4077 0.7110 0.7401 0.4764 0.8317 0.9726 0.4669 0.3411 0.7849 0.2041 0.1270 1.0097 0.6737 0.7284 0.3464 0.4368 0.9258 0.6360 0.6988 0.1594 0.7892 0.7814 0.7008 0.4188 0.5570 1.0156 1.0535 0.7650 0.7133 0.7820 1.0060 0.4587 1.0006 0.6216 0.4985 0.8355 0.7442 0.2046 0.1695 0.7628 0.5973 0.8895 0.4983 0.6869 0.4756 0.6090 0.8078 0.2600 0.4441 0.8255 0.4891 0.7166 0.8492 0.9107 0.7342 0.5657 0.4321 1.0465 0.0542 0.9358 0.6870 0.7655 0.6114 0.3520 0.5099 0.8204 0.3029
0.3046 0.3937 0.4288 0.3949 0.6297 0.3394 0.4145 0.4545 0.6756 0.7562 0.4420 0.4939 0.4690 0.4992 0.4450 0.6606 0.0000 0.6425 0.4803 0.2552 0.1260 0.5196 0.1315 0.3047 0.3707 0.5290 0.1507 0.3431 0.5401 0.4644 0.8206 0.5271 0.6794 0.2590 0.3729 0.0917 0.5062 0.5327 0.3149 0.4162 0.3795 0.1367 0.5771 0.7123 0.3510 0.3462 0.1647 0.5711 0.2919 0.2794 0.3151 0.0991 0.6042 0.2711 0.8070 0.2303 0.4397 0.2554 0.3551 0.4183 0.3876 0.1871 0.4301 0.3454 0.5577 0.3561 0.0732 0.1749 0.1761 0.4769 0.5062 0.7628 0.3451 0.1367 0.3080 0.3349 0.2014 0.4495 0.0918 0.2568 0.5063 0.3330 0.2265 0.6063 0.1665 0.3141 0.2644 0.0741 0.6620 0.4434 0.4487 0.6712 0.3899 0.4908 0.3933 0.6454 0.5291 0.4815 0.3286 0.5594
0.3495 0.5755 0.9290 0.9472 0.4010 0.8892 0.5778 0.2244 0.3588 0.2203 0.2321 1.0317 0.3767 0.5756 0.3064 0.4580 0.6425 0.0000 0.7668 0.6386 0.5409 0.7434 0.5867 0.3587 0.8445 0.2056 0.6986 0.6881 0.2684 0.1915 0.6411 0.4989 0.0460 0.5194 0.4344 0.6751 0.1443 1.0610 0.8772 0.2285 0.3090 0.7758 0.2593 0.5848 0.9140 0.4153 0.5972 0.7220 0.6185 0.9108 0.8178 0.6117 0.5736 0.8869 0.3234 0.8135 0.2043 0.4001 0.9343 0.8947 0.4842 0.5648 0.4766 0.9317 0.0876 0.8664 0.6545 0.4850 0.7955 0.4035 0.3059 0.6261 0.5100 0.5125 0.7057 0.7162 0.7873 0.1984 0.5528 0.8852 0.6029 0.3111 0.6784 0.0570 0.7835 0.9408 0.7965 0.6941 0.1100 0.1993 0.8414 0.5108 0.7084 0.9470 0.9467 0.1646 0.1462 0.1830 0.9383 0.1678
0.4892 0.1920 0.2709 0.8348 0.4726 0.3229 0.8576 0.5487 0.9873 0.7386 0.5447 0.9296 0.8234 0.2201 0.4604 1.0197 0.4803 0.7668 0.0000 0.2294 0.4150 0.9897 0.5920 0.4685 0.8440 0.5653 0.3437 0.8186 0.5169 0.5913 1.2090 0.3108 0.8128 0.6898 0.3356 0.3969 0.6350 0.9698 0.3387 0.5865 0.6791 0.4783 0.8607 1.1080 0.3504 0.3632 0.3277 1.0315 0.7575 0.4929 0.7865 0.3868 1.0184 0.6754 0.7242 0.6798 0.6364 0.4627 0.3845 0.2290 0.2831 0.3255 0.2925 0.3958 0.6885 0.2635 0.5536 0.5570 0.4263 0.3742 0.8210 1.1608 0.2658 0.4497 0.1741 0.8138 0.6558 0.5977 0.4628 0.6416 0.9456 0.5781 0.2551 0.7107 0.6029 0.6843 0.2906 0.4331 0.7126 0.6281 0.1216 1.0489 0.0918 0.9598 0.8327 0.6609 0.7384 0.5913 0.7265 0.7912
0.3081 0.1629 0.2906 0.6317 0.4678 0.2598 0.6308 0.4151 0.7966 0.6755 0.4067 0.7296 0.6157 0.2701 0.3527 0.8148 0.2552 0.6386 0.2294 0.0000 0.1883 0.7604 0.3627 0.2914 0.6245 0.4615 0.1413 0.5896 0.4385 0.4482 0.9977 0.3260 0.6832 0.4631 0.2282 0.1809 0.4954 0.7696 0.2550 0.4248 0.4808 0.2856 0.6757 0.8937 0.2878 0.2304 0.0984 0.8029 0.5282 0.3547 0.5680 0.1586 0.7986 0.4824 0.6945 0.4700 0.4694 0.2680 0.3146 0.2581 0.2055 0.1021 0.2440 0.3169 0.5524 0.2287 0.3281 0.3329 0.2527 0.3209 0.6246 0.9464 0.1587 0.2253 0.0751 0.5858 0.4436 0.4462 0.2341 0.4541 0.7200 0.3884 0.0564 0.5877 0.3953 0.5048 0.1730 0.2201 0.6144 0.4650 0.2317 0.8390 0.1376 0.7433 0.6298 0.5762 0.5741 0.4557 0.5381 0.6214
0.1926 0.2906 0.4388 0.5167 0.5041 0.3708 0.4429 0.3386 0.6311 0.6370 0.3266 0.6153 0.4381 0.3902 0.3205 0.6372 0.1260 0.5409 0.4150 0.1883 0.0000 0.5778 0.1855 0.1879 0.4771 0.4092 0.1658 0.4130 0.4159 0.3547 0.8147 0.4079 0.5809 0.2751 0.2487 0.1342 0.3993 0.6535 0.3527 0.3124 0.3170 0.2410 0.5184 0.7094 0.3907 0.2205 0.0928 0.6168 0.3462 0.3704 0.4250 0.0722 0.6116 0.3971 0.6835 0.3532 0.3446 0.1415 0.4051 0.4166 0.2687 0.0900 0.3102 0.3998 0.4539 0.3666 0.1812 0.1452 0.2547 0.3519 0.4576 0.7618 0.2301 0.0399 0.2592 0.4143 0.3239 0.3432 0.0527 0.3815 0.5317 0.2437 0.1888 0.4995 0.2924 0.4386 0.2802 0.1559 0.5485 0.3454 0.4151 0.6576 0.3237 0.5988 0.5152 0.5271 0.4432 0.3697 0.4546 0.4818
0.6037 0.8616 0.9373 0.4133 0.9737 0.8384 0.1718 0.7008 0.5002 0.9492 0.6900 0.4387 0.3676 0.9503 0.7618 0.4033 0.5196 0.7434 0.9897 0.7604 0.5778 0.0000 0.3979 0.6222 0.2794 0.7772 0.6700 0.1787 0.8298 0.6730 0.4409 0.9410 0.7517 0.3150 0.7743 0.6110 0.6831 0.4454 0.8108 0.6201 0.4648 0.5914 0.5087 0.3512 0.8415 0.7350 0.6620 0.0768 0.2322 0.7042 0.3128 0.6046 0.2485 0.5006 1.0402 0.4219 0.5950 0.5911 0.8339 0.9328 0.8157 0.6676 0.8495 0.8200 0.6991 0.8673 0.4503 0.4480 0.6554 0.8525 0.4415 0.3789 0.7900 0.5479 0.8229 0.1976 0.4238 0.6485 0.5277 0.5324 0.1503 0.5392 0.7426 0.7474 0.4749 0.5536 0.7778 0.5846 0.8291 0.6089 0.9682 0.3685 0.8980 0.2961 0.4148 0.8525 0.5992 0.6941 0.5090 0.5790
0.2898 0.4759 0.5602 0.3731 0.6570 0.4703 0.2832 0.4333 0.5629 0.7333 0.4204 0.4668 0.3529 0.5735 0.4523 0.5374 0.1315 0.5867 0.5920 0.3627 0.1855 0.3979 0.0000 0.2991 0.3046 0.5140 0.2798 0.2281 0.5418 0.4299 0.6911 0.5828 0.6178 0.1305 0.4166 0.2217 0.4642 0.5018 0.4452 0.3750 0.2923 0.2475 0.4765 0.5827 0.4807 0.3817 0.2646 0.4442 0.1661 0.3893 0.2590 0.2069 0.4733 0.3014 0.7988 0.2272 0.3839 0.2524 0.4826 0.5489 0.4464 0.2732 0.4857 0.4718 0.5083 0.4874 0.0850 0.1064 0.2998 0.5126 0.4003 0.6326 0.4121 0.1639 0.4253 0.2289 0.2006 0.4101 0.1331 0.3043 0.3750 0.2805 0.3456 0.5601 0.2023 0.3577 0.3956 0.2046 0.6269 0.3915 0.5732 0.5443 0.5003 0.4254 0.3722 0.6224 0.4566 0.4499 0.3516 0.4765
0.0218 0.2874 0.5802 0.6695 0.3624 0.5323 0.4585 0.1508 0.5188 0.4516 0.1388 0.7649 0.3652 0.3474 0.1534 0.5556 0.3047 0.3587 0.4685 0.2914 0.1879 0.6222 0.2991 0.0000 0.6015 0.2245 0.3401 0.4903 0.2433 0.1687 0.7493 0.3214 0.4010 0.3114 0.1613 0.3202 0.2149 0.8005 0.5192 0.1347 0.2153 0.4286 0.3928 0.6535 0.5563 0.1217 0.2387 0.6397 0.4135 0.5570 0.5580 0.2558 0.5779 0.5710 0.5056 0.5135 0.1780 0.0497 0.5759 0.5493 0.2124 0.2074 0.2368 0.5730 0.2711 0.5138 0.3388 0.1979 0.4407 0.2304 0.3537 0.7060 0.2072 0.1680 0.3641 0.5045 0.4845 0.1606 0.2133 0.5605 0.5320 0.1116 0.3242 0.3139 0.4645 0.6178 0.4394 0.3438 0.3605 0.1739 0.5140 0.5893 0.3904 0.7206 0.6684 0.3409 0.2827 0.1824 0.6271 0.3308
0.5902 0.7626 0.7281 0.1371 0.9614 0.6242 0.3224 0.7263 0.7031 1.0175 0.7136 0.1929 0.5144 0.8659 0.7549 0.6303 0.3707 0.8445 0.8440 0.6245 0.4771 0.2794 0.3046 0.6015 0.0000 0.8079 0.5008 0.1714 0.8419 0.7150 0.7105 0.8836 0.8668 0.3256 0.7194 0.4474 0.7420 0.2177 0.5958 0.6583 0.5356 0.3819 0.6650 0.6117 0.6201 0.6855 0.5352 0.3557 0.2279 0.4616 0.0579 0.4697 0.4976 0.2362 1.0914 0.1775 0.6544 0.5562 0.6051 0.7335 0.7452 0.5549 0.7859 0.5896 0.7771 0.6653 0.3000 0.4040 0.4457 0.8169 0.5855 0.6474 0.7071 0.4642 0.6698 0.1368 0.1940 0.6927 0.4256 0.2729 0.3778 0.5630 0.5892 0.8295 0.2508 0.2821 0.5849 0.4109 0.9041 0.6651 0.7928 0.6100 0.7559 0.1218 0.1382 0.9090 0.7012 0.7362 0.2332 0.7028
0.2274 0.3760 0.7470 0.8871 0.2228 0.7200 0.6054 0.0816 0.5113 0.2278 0.0943 0.9805 0.4436 0.3700 0.1100 0.5884 0.5290 0.2056 0.5653 0.4615 0.4092 0.7772 0.5140 0.2245 0.8079 0.0000 0.5470 0.6762 0.0699 0.1048 0.7844 0.2945 0.2510 0.4931 0.2406 0.5370 0.1120 1.0146 0.7120 0.1575 0.3133 0.6498 0.3872 0.7083 0.7470 0.2311 0.4412 0.7761 0.5996 0.7721 0.7693 0.4725 0.6655 0.7950 0.2848 0.7350 0.1861 0.2741 0.7711 0.7100 0.2856 0.4058 0.2732 0.7709 0.1430 0.6897 0.5618 0.4082 0.6556 0.1979 0.3942 0.7563 0.3176 0.3923 0.5218 0.6967 0.7064 0.1292 0.4377 0.7850 0.6579 0.2475 0.5083 0.1486 0.6885 0.8422 0.6296 0.5641 0.1533 0.1716 0.6471 0.6353 0.5129 0.9228 0.8862 0.1187 0.2378 0.0846 0.8509 0.2912
0.3496 0.3030 0.2841 0.4951 0.5927 0.2064 0.5626 0.4856 0.7929 0.7715 0.4748 0.5921 0.5940 0.4109 0.4455 0.7911 0.1507 0.6986 0.3437 0.1413 0.1658 0.6700 0.2798 0.3401 0.5008 0.5470 0.0000 0.4927 0.5387 0.5087 0.9601 0.4613 0.7403 0.4018 0.3381 0.0591 0.5550 0.6322 0.1871 0.4718 0.4813 0.1444 0.6830 0.8527 0.2251 0.3264 0.1059 0.7218 0.4426 0.2288 0.4431 0.0951 0.7479 0.3422 0.8039 0.3368 0.5076 0.2997 0.2395 0.2696 0.3307 0.1418 0.3724 0.2348 0.6110 0.2108 0.2204 0.2927 0.1166 0.4402 0.6197 0.9041 0.2828 0.2032 0.1699 0.4824 0.3122 0.5002 0.1825 0.3130 0.6544 0.4089 0.0924 0.6537 0.2603 0.3635 0.1197 0.0902 0.6947 0.5072 0.2993 0.8068 0.2579 0.6161 0.4931 0.6655 0.6079 0.5212 0.3973 0.6475
0.4749 0.7023 0.7586 0.3025 0.8518 0.6600 0.1528 0.5954 0.5320 0.8734 0.5833 0.3637 0.3443 0.7969 0.6398 0.4628 0.3431 0.6881 0.8186 0.5896 0.4130 0.1787 0.2281 0.4903 0.1714 0.6762 0.4927 0.0000 0.7190 0.5769 0.5617 0.7981 0.7069 0.1833 0.6302 0.4338 0.5980 0.3857 0.6324 0.5206 0.3824 0.4135 0.4954 0.4576 0.6636 0.5924 0.4920 0.2402 0.0772 0.5312 0.1736 0.4319 0.3410 0.3440 0.9544 0.2586 0.5084 0.4515 0.6569 0.7542 0.6659 0.5013 0.7029 0.6433 0.6269 0.6886 0.2725 0.2986 0.4772 0.7180 0.4166 0.4985 0.6352 0.3876 0.6492 0.0355 0.2546 0.5533 0.3610 0.3709 0.2209 0.4288 0.5682 0.6787 0.3017 0.4017 0.5992 0.4064 0.7566 0.5205 0.7917 0.4468 0.7270 0.2594 0.3031 0.7682 0.5426 0.5985 0.3651 0.5390
0.2521 0.3327 0.7161 0.9127 0.1548 0.6983 0.6588 0.1298 0.5811 0.2371 0.1400 1.0081 0.5066 0.3120 0.0955 0.6568 0.5401 0.2684 0.5169 0.4385 0.4159 0.8298 0.5418 0.2433 0.8419 0.0699 0.5387 0.7190 0.0000 0.1659 0.8532 0.2312 0.3124 0.5359 0.2106 0.5362 0.1809 1.0435 0.6929 0.2117 0.3700 0.6527 0.4565 0.7757 0.7263 0.2128 0.4332 0.8328 0.6418 0.7669 0.8001 0.4730 0.7294 0.8102 0.2679 0.7561 0.2479 0.2920 0.7524 0.6774 0.2464 0.3972 0.2256 0.7537 0.2122 0.6631 0.5807 0.4382 0.6515 0.1430 0.4605 0.8242 0.2852 0.4054 0.4921 0.7372 0.7269 0.1891 0.4512 0.7969 0.7159 0.2923 0.4892 0.2119 0.7040 0.8541 0.6104 0.5668 0.1963 0.2333 0.6067 0.7031 0.4727 0.9593 0.9116 0.1446 0.3072 0.1483 0.8670 0.3609
0.1621 0.3996 0.7388 0.8017 0.3202 0.6977 0.5012 0.0464 0.4281 0.3039 0.0470 0.8926 0.3407 0.4206 0.1431 0.4954 0.4644 0.1915 0.5913 0.4482 0.3547 0.6730 0.4299 0.1687 0.7150 0.1048 0.5087 0.5769 0.1659 0.0000 0.6928 0.3596 0.2353 0.3950 0.2557 0.4882 0.0473 0.9254 0.6859 0.0567 0.2086 0.5936 0.2999 0.6118 0.7226 0.2305 0.4062 0.6713 0.5011 0.7249 0.6795 0.4241 0.5635 0.7216 0.3778 0.6555 0.0821 0.2132 0.7432 0.7052 0.3093 0.3734 0.3114 0.7409 0.1044 0.6754 0.4868 0.3237 0.6088 0.2555 0.2957 0.6611 0.3278 0.3298 0.5166 0.5991 0.6276 0.0245 0.3729 0.7154 0.5532 0.1522 0.4870 0.1452 0.6158 0.7722 0.6050 0.5099 0.1987 0.0675 0.6569 0.5399 0.5258 0.8275 0.8009 0.1941 0.1557 0.0216 0.7757 0.2112
0.7276 1.0361 1.2443 0.8474 1.0071 1.1597 0.4232 0.7373 0.2822 0.8576 0.7326 0.8795 0.3858 1.0914 0.8297 0.1977 0.8206 0.6411 1.2090 0.9977 0.8147 0.4409 0.6911 0.7493 0.7105 0.7844 0.9601 0.5617 0.8532 0.6928 0.0000 1.0458 0.6212 0.5616 0.9066 0.9058 0.6725 0.8859 1.1354 0.6645 0.5340 0.9346 0.3976 0.1086 1.1715 0.8688 0.9073 0.3660 0.5603 1.0701 0.7311 0.8712 0.2233 0.9049 0.9622 0.8179 0.6165 0.7471 1.1737 1.2274 0.9602 0.8956 0.9784 1.1627 0.6514 1.1709 0.7715 0.6713 0.9905 0.9419 0.4018 0.0633 0.9559 0.7753 1.0716 0.5947 0.8096 0.6733 0.7809 0.9295 0.3410 0.6379 1.0034 0.6777 0.8484 0.9632 1.0796 0.8946 0.7507 0.6298 1.2286 0.1603 1.1231 0.7363 0.8487 0.8000 0.5469 0.7070 0.9263 0.4956
0.3416 0.1678 0.5517 0.9220 0.1625 0.5630 0.7795 0.3133 0.7873 0.4321 0.3157 1.0210 0.6728 0.0909 0.2174 0.8481 0.5271 0.4989 0.3108 0.3260 0.4079 0.9410 0.5828 0.3214 0.8836 0.2945 0.4613 0.7981 0.2312 0.3596 1.0458 0.0000 0.5434 0.6269 0.1679 0.4844 0.3921 1.0597 0.5662 0.3813 0.5226 0.6007 0.6586 0.9577 0.5928 0.2064 0.3734 0.9609 0.7233 0.6806 0.8326 0.4342 0.8925 0.7887 0.4136 0.7575 0.4301 0.3500 0.6240 0.5095 0.1396 0.3430 0.0978 0.6297 0.4352 0.5149 0.5890 0.4996 0.5767 0.1044 0.6440 1.0089 0.1833 0.4198 0.3485 0.8069 0.7286 0.3758 0.4584 0.7654 0.8531 0.4221 0.3823 0.4421 0.6902 0.8194 0.4897 0.5226 0.4239 0.4175 0.4190 0.8888 0.2950 1.0054 0.9204 0.3666 0.5149 0.3503 0.8461 0.5705
0.3907 0.6215 0.9737 0.9733 0.4407 0.9325 0.5897 0.2698 0.3402 0.2365 0.2770 1.0558 0.3841 0.6209 0.3524 0.4448 0.6794 0.0460 0.8128 0.6832 0.5809 0.7517 0.6178 0.4010 0.8668 0.2510 0.7403 0.7069 0.3124 0.2353 0.6212 0.5434 0.0000 0.5434 0.4803 0.7151 0.1880 1.0841 0.9200 0.2688 0.3335 0.8137 0.2540 0.5717 0.9570 0.4609 0.6397 0.7259 0.6396 0.9501 0.8426 0.6522 0.5696 0.9189 0.3413 0.8437 0.2398 0.4410 0.9769 0.9397 0.5302 0.6077 0.5225 0.9739 0.1309 0.9106 0.6882 0.5181 0.8353 0.4489 0.3106 0.6104 0.5558 0.5513 0.7507 0.7362 0.8181 0.2404 0.5906 0.9186 0.6080 0.3466 0.7222 0.1026 0.8166 0.9738 0.8397 0.7329 0.1402 0.2365 0.8872 0.4985 0.7542 0.9663 0.9730 0.1994 0.1658 0.2280 0.9693 0.1728
0.2946 0.5493 0.6852 0.4308 0.6707 0.5983 0.1678 0.4122 0.4398 0.6944 0.4001 0.5125 0.2298 0.6356 0.4582 0.4077 0.2590 0.5194 0.6898 0.4631 0.2751 0.3150 0.1305 0.3114 0.3256 0.4931 0.4018 0.1833 0.5359 0.3950 0.5616 0.6269 0.5434 0.0000 0.4598 0.3457 0.4185 0.5416 0.5739 0.3384 0.2105 0.3776 0.3659 0.4533 0.6099 0.4206 0.3658 0.3446 0.1064 0.5182 0.2992 0.3184 0.3462 0.4021 0.7728 0.3172 0.3298 0.2770 0.6127 0.6712 0.5007 0.3643 0.5347 0.6021 0.4516 0.6120 0.2140 0.1351 0.4303 0.5414 0.2865 0.5039 0.4759 0.2405 0.5321 0.2042 0.2967 0.3717 0.2308 0.4134 0.2571 0.2456 0.4564 0.5040 0.3158 0.4616 0.5202 0.3330 0.5795 0.3411 0.6856 0.4138 0.5987 0.4335 0.4306 0.5875 0.3777 0.4165 0.4442 0.3850
0.1828 0.1438 0.5075 0.7654 0.2591 0.4878 0.6151 0.2133 0.6643 0.4477 0.2091 0.8639 0.5248 0.1863 0.1309 0.7110 0.3729 0.4344 0.3356 0.2282 0.2487 0.7743 0.4166 0.1613 0.7194 0.2406 0.3381 0.6302 0.2106 0.2557 0.9066 0.1679 0.4803 0.4598 0.0000 0.3463 0.2995 0.9020 0.4830 0.2553 0.3739 0.4651 0.5355 0.8128 0.5159 0.0400 0.2363 0.7967 0.5554 0.5666 0.6698 0.2881 0.7392 0.6415 0.4683 0.6019 0.3061 0.1835 0.5426 0.4698 0.0551 0.2013 0.0760 0.5444 0.3537 0.4528 0.4293 0.3317 0.4539 0.1050 0.5069 0.8650 0.0770 0.2553 0.2826 0.6393 0.5726 0.2630 0.2964 0.6222 0.6916 0.2701 0.2801 0.3794 0.5390 0.6782 0.4007 0.3815 0.3936 0.2964 0.4078 0.7471 0.2742 0.8409 0.7639 0.3509 0.4051 0.2560 0.6993 0.4591
0.3263 0.3350 0.3396 0.4511 0.6049 0.2552 0.5048 0.4698 0.7468 0.7640 0.4583 0.5493 0.5446 0.4431 0.4412 0.7401 0.0917 0.6751 0.3969 0.1809 0.1342 0.6110 0.2217 0.3202 0.4474 0.5370 0.0591 0.4338 0.5362 0.4882 0.9058 0.4844 0.7151 0.3457 0.3463 0.0000 0.5332 0.5892 0.2328 0.4466 0.4395 0.1188 0.6408 0.7980 0.2703 0.3281 0.1116 0.6628 0.3836 0.2368 0.3901 0.0646 0.6918 0.3059 0.8037 0.2891 0.4782 0.2753 0.2795 0.3273 0.3482 0.1452 0.3910 0.2722 0.5880 0.2664 0.1617 0.2434 0.1206 0.4509 0.5745 0.8491 0.3017 0.1660 0.2229 0.4240 0.2629 0.4772 0.1361 0.2811 0.5966 0.3755 0.1419 0.6332 0.2146 0.3352 0.1746 0.0395 0.6800 0.4794 0.3580 0.7538 0.3086 0.5645 0.4492 0.6556 0.5753 0.5025 0.3628 0.6117
0.2069 0.4430 0.7860 0.8337 0.3347 0.7449 0.5116 0.0863 0.4010 0.2759 0.0911 0.9230 0.3370 0.4582 0.1801 0.4764 0.5062 0.1443 0.6350 0.4954 0.3993 0.6831 0.4642 0.2149 0.7420 0.1120 0.5550 0.5980 0.1809 0.0473 0.6725 0.3921 0.1880 0.4185 0.2995 0.5332 0.0000 0.9548 0.7329 0.0906 0.2197 0.6370 0.2756 0.5966 0.7697 0.2761 0.4530 0.6761 0.5234 0.7697 0.7091 0.4694 0.5569 0.7595 0.3585 0.6910 0.0898 0.2579 0.7901 0.7523 0.3522 0.4204 0.3514 0.7876 0.0571 0.7227 0.5250 0.3589 0.6538 0.2894 0.2836 0.6444 0.3729 0.3730 0.5636 0.6220 0.6636 0.0566 0.4151 0.7547 0.5567 0.1838 0.5343 0.1004 0.6543 0.8113 0.6522 0.5539 0.1631 0.0775 0.7029 0.5234 0.5712 0.8520 0.8330 0.1709 0.1265 0.0439 0.8129 0.1810
0.7916 0.9224 0.8005 0.1384 1.1533 0.6983 0.5314 0.9333 0.9123 1.2291 0.9205 0.0402 0.7300 1.0296 0.9531 0.8317 0.5327 1.0610 0.9698 0.7696 0.6535 0.4454 0.5018 0.8005 0.2177 1.0146 0.6322 0.3857 1.0435 0.9254 0.8859 1.0597 1.0841 0.5416 0.9020 0.5892 0.9548 0.0000 0.6715 0.8691 0.7521 0.4918 0.8811 0.7958 0.6852 0.8715 0.6928 0.5199 0.4455 0.5125 0.2459 0.6284 0.6877 0.2950 1.2992 0.3028 0.8683 0.7528 0.6612 0.8168 0.9201 0.7190 0.9624 0.6449 0.9919 0.7505 0.4727 0.6066 0.5450 1.0038 0.8020 0.8243 0.8778 0.6491 0.7996 0.3526 0.3314 0.9039 0.6060 0.3308 0.5727 0.7733 0.7246 1.0444 0.3747 0.2994 0.6865 0.5497 1.1176 0.8784 0.8966 0.8053 0.8887 0.1496 0.1402 1.1195 0.9184 0.9463 0.2487 0.9205
0.5309 0.3986 0.1326 0.5469 0.7176 0.0284 0.7258 0.6583 0.9787 0.9297 0.6485 0.6323 0.7774 0.4936 0.6049 0.9726 0.3149 0.8772 0.3387 0.2550 0.3527 0.8108 0.4452 0.5192 0.5958 0.7120 0.1871 0.6324 0.6929 0.6859 1.1354 0.5662 0.9200 0.5739 0.4830 0.2328 0.7329 0.6715 0.0000 0.6531 0.6683 0.2201 0.8700 1.0272 0.0381 0.4823 0.2806 0.8707 0.5961 0.1631 0.5392 0.2821 0.9185 0.3820 0.9491 0.4183 0.6914 0.4825 0.0596 0.1454 0.4586 0.3124 0.4947 0.0635 0.7897 0.0815 0.3698 0.4761 0.1554 0.5746 0.8059 1.0776 0.4130 0.3903 0.2179 0.6146 0.4035 0.6797 0.3673 0.3436 0.8173 0.5950 0.2040 0.8296 0.3468 0.3729 0.0826 0.2409 0.8636 0.6901 0.2369 0.9853 0.2880 0.6959 0.5445 0.8285 0.7930 0.6965 0.4228 0.8338
0.1223 0.3972 0.7145 0.7460 0.3627 0.6667 0.4485 0.0820 0.4106 0.3601 0.0730 0.8365 0.2991 0.4325 0.1656 0.4669 0.4162 0.2285 0.5865 0.4248 0.3124 0.6201 0.3750 0.1347 0.6583 0.1575 0.4718 0.5206 0.2117 0.0567 0.6645 0.3813 0.2688 0.3384 0.2553 0.4466 0.0906 0.8691 0.6531 0.0000 0.1583 0.5480 0.2814 0.5783 0.6904 0.2236 0.3726 0.6212 0.4446 0.6823 0.6232 0.3835 0.5222 0.6691 0.4345 0.6013 0.0508 0.1722 0.7093 0.6829 0.3104 0.3420 0.3202 0.7059 0.1420 0.6485 0.4345 0.2691 0.5670 0.2774 0.2631 0.6289 0.3207 0.2842 0.4963 0.5425 0.5737 0.0352 0.3255 0.6642 0.5043 0.0957 0.4589 0.1902 0.5638 0.7207 0.5738 0.4657 0.2520 0.0417 0.6426 0.5082 0.5148 0.7707 0.7452 0.2507 0.1524 0.0782 0.7227 0.2047
0.1936 0.5023 0.7543 0.6399 0.5202 0.6874 0.2930 0.2402 0.3163 0.4925 0.2307 0.7230 0.1510 0.5599 0.3160 0.3411 0.3795 0.3090 0.6791 0.4808 0.3170 0.4648 0.2923 0.2153 0.5356 0.3133 0.4813 0.3824 0.3700 0.2086 0.5340 0.5226 0.3335 0.2105 0.3739 0.4395 0.2197 0.7521 0.6683 0.1583 0.0000 0.5158 0.2016 0.4389 0.7064 0.3354 0.4021 0.4632 0.3105 0.6588 0.5094 0.3863 0.3703 0.5928 0.5782 0.5139 0.1305 0.2169 0.7184 0.7295 0.4268 0.3818 0.4474 0.7116 0.2445 0.6829 0.3703 0.2051 0.5517 0.4220 0.1439 0.4912 0.4221 0.2784 0.5559 0.4089 0.4896 0.1842 0.3036 0.5966 0.3460 0.1040 0.4987 0.2963 0.4946 0.6498 0.5973 0.4455 0.3746 0.1442 0.7117 0.3740 0.5965 0.6399 0.6395 0.3904 0.1681 0.2296 0.6407 0.1843
0.4318 0.4463 0.3499 0.3565 0.7237 0.2482 0.5164 0.5794 0.8072 0.8775 0.5674 0.4515 0.5984 0.5544 0.5573 0.7849 0.1367 0.7758 0.4783 0.2856 0.2410 0.5914 0.2475 0.4286 0.3819 0.6498 0.1444 0.4135 0.6527 0.5936 0.9346 0.6007 0.8137 0.3776 0.4651 0.1188 0.6370 0.4918 0.2201 0.5480 0.5158 0.0000 0.7122 0.8261 0.2501 0.4463 0.2299 0.6529 0.3825 0.1438 0.3243 0.1799 0.7137 0.1988 0.9205 0.2071 0.5742 0.3811 0.2443 0.3522 0.4660 0.2640 0.5086 0.2314 0.6899 0.2842 0.1638 0.3109 0.0650 0.5697 0.6399 0.8747 0.4190 0.2640 0.3081 0.3946 0.1878 0.5804 0.2230 0.1686 0.6067 0.4681 0.2358 0.7374 0.1312 0.2197 0.2036 0.0860 0.7891 0.5772 0.4135 0.7909 0.3972 0.4897 0.3544 0.7680 0.6653 0.6095 0.2531 0.6961
0.3729 0.6749 0.9542 0.7865 0.6098 0.8889 0.3585 0.3458 0.1293 0.4795 0.3429 0.8578 0.1513 0.7138 0.4412 0.2041 0.5771 0.2593 0.8607 0.6757 0.5184 0.5087 0.4765 0.3928 0.6650 0.3872 0.6830 0.4954 0.4565 0.2999 0.3976 0.6586 0.2540 0.3659 0.5355 0.6408 0.2756 0.8811 0.8700 0.2814 0.2016 0.7122 0.0000 0.3289 0.9080 0.5014 0.6017 0.4758 0.4405 0.8559 0.6525 0.5879 0.3157 0.7676 0.5816 0.6832 0.2307 0.4078 0.9199 0.9282 0.5906 0.5793 0.6015 0.9129 0.2547 0.8834 0.5593 0.4023 0.7513 0.5542 0.0803 0.3735 0.5963 0.4799 0.7505 0.5286 0.6623 0.2829 0.5047 0.7768 0.3606 0.2874 0.6975 0.2860 0.6766 0.8267 0.7985 0.6453 0.3643 0.2422 0.9042 0.2546 0.7831 0.7503 0.7866 0.4078 0.1495 0.3121 0.8101 0.0988
0.6317 0.9386 1.1368 0.7488 0.9304 1.0516 0.3158 0.6546 0.2362 0.8048 0.6488 0.7866 0.2883 0.9987 0.7439 0.1270 0.7123 0.5848 1.1080 0.8937 0.7094 0.3512 0.5827 0.6535 0.6117 0.7083 0.8527 0.4576 0.7757 0.6118 0.1086 0.9577 0.5717 0.4533 0.8128 0.7980 0.5966 0.7958 1.0272 0.5783 0.4389 0.8261 0.3289 0.0000 1.0631 0.7743 0.8021 0.2807 0.4528 0.9617 0.6289 0.7645 0.1168 0.7995 0.9082 0.7120 0.5325 0.6478 1.0652 1.1205 0.8656 0.7916 0.8861 1.0542 0.5825 1.0635 0.6629 0.5653 0.8819 0.8548 0.3162 0.0529 0.8586 0.6702 0.9672 0.4913 0.7030 0.5908 0.6743 0.8232 0.2367 0.5428 0.8978 0.6148 0.7407 0.8582 0.9720 0.7863 0.6921 0.5464 1.1240 0.0743 1.0210 0.6468 0.7499 0.7367 0.4744 0.6277 0.8227 0.4274
0.5683 0.4257 0.1156 0.5642 0.7464 0.0298 0.7602 0.6945 1.0165 0.9633 0.6848 0.6466 0.8148 0.5174 0.6393 1.0097 0.3510 0.9140 0.3504 0.2878 0.3907 0.8415 0.4807 0.5563 0.6201 0.7470 0.2251 0.6636 0.7263 0.7226 1.1715 0.5928 0.9570 0.6099 0.5159 0.2703 0.7697 0.6852 0.0381 0.6904 0.7064 0.2501 0.9080 1.0631 0.0000 0.5166 0.3179 0.9026 0.6294 0.1728 0.5642 0.3201 0.9539 0.4002 0.9806 0.4426 0.7290 0.5201 0.0340 0.1390 0.4895 0.3493 0.5244 0.0466 0.8265 0.0870 0.4039 0.5136 0.1866 0.6056 0.8438 1.1133 0.4446 0.4283 0.2448 0.6446 0.4295 0.7167 0.4051 0.3614 0.8515 0.6329 0.2387 0.8661 0.3733 0.3858 0.1178 0.2769 0.8989 0.7276 0.2409 1.0219 0.3082 0.7168 0.5618 0.8630 0.8308 0.7329 0.4374 0.8718
0.1433 0.1738 0.5171 0.7358 0.2836 0.4894 0.5752 0.1913 0.6298 0.4482 0.1851 0.8339 0.4861 0.2257 0.1227 0.6737 0.3462 0.4153 0.3632 0.2304 0.2205 0.7350 0.3817 0.1217 0.6855 0.2311 0.3264 0.5924 0.2128 0.2305 0.8688 0.2064 0.4609 0.4206 0.0400 0.3281 0.2761 0.8715 0.4823 0.2236 0.3354 0.4463 0.5014 0.7743 0.5166 0.0000 0.2216 0.7568 0.5173 0.5550 0.6369 0.2670 0.6996 0.6167 0.4776 0.5732 0.2738 0.1439 0.5416 0.4811 0.0914 0.1856 0.1161 0.5422 0.3319 0.4586 0.3991 0.2938 0.4404 0.1323 0.4701 0.8266 0.0977 0.2228 0.2921 0.6023 0.5438 0.2350 0.2656 0.5991 0.6515 0.2315 0.2783 0.3620 0.5127 0.6556 0.3997 0.3613 0.3842 0.2651 0.4268 0.7091 0.2952 0.8068 0.7344 0.3463 0.3752 0.2336 0.6743 0.4282
0.2504 0.2300 0.3525 0.5544 0.4941 0.2946 0.5332 0.3811 0.7181 0.6656 0.3706 0.6533 0.5290 0.3368 0.3396 0.7284 0.1647 0.5972 0.3277 0.0984 0.0928 0.6620 0.2646 0.2387 0.5352 0.4412 0.1059 0.4920 0.4332 0.4062 0.9073 0.3734 0.6397 0.3658 0.2363 0.1116 0.4530 0.6928 0.2806 0.3726 0.4021 0.2299 0.6017 0.8021 0.3179 0.2216 0.0000 0.7046 0.4299 0.3337 0.4798 0.0657 0.7043 0.4155 0.6991 0.3902 0.4116 0.2028 0.3372 0.3275 0.2366 0.0360 0.2794 0.3347 0.5096 0.2821 0.2357 0.2379 0.2188 0.3403 0.5447 0.8545 0.1903 0.1320 0.1667 0.4893 0.3623 0.3993 0.1358 0.3921 0.6228 0.3188 0.0972 0.5507 0.3192 0.4467 0.2017 0.1493 0.5895 0.4098 0.3223 0.7498 0.2359 0.6555 0.5527 0.5596 0.5143 0.4177 0.4728 0.5572
0.6200 0.8935 0.9948 0.4901 0.9811 0.8979 0.1816 0.7031 0.4502 0.9341 0.6931 0.5145 0.3462 0.9771 0.7716 0.3464 0.5711 0.7220 1.0315 0.8029 0.6168 0.0768 0.4442 0.6397 0.3557 0.7761 0.7218 0.2402 0.8328 0.6713 0.3660 0.9609 0.7259 0.3446 0.7967 0.6628 0.6761 0.5199 0.8707 0.6212 0.4632 0.6529 0.4758 0.2807 0.9026 0.7568 0.7046 0.0000 0.2792 0.7710 0.3870 0.6504 0.1874 0.5733 1.0288 0.4924 0.5908 0.6135 0.8967 0.9880 0.8411 0.7067 0.8725 0.8833 0.6859 0.9237 0.5047 0.4796 0.7160 0.8682 0.4162 0.3048 0.8191 0.5841 0.8685 0.2645 0.4922 0.6469 0.5689 0.6039 0.1200 0.5478 0.7895 0.7317 0.5413 0.6274 0.8331 0.6392 0.8140 0.6051 1.0174 0.3063 0.9399 0.3703 0.4915 0.8424 0.5815 0.6918 0.5839 0.5549
0.3978 0.6328 0.7175 0.3462 0.7747 0.6227 0.1371 0.5187 0.4921 0.7993 0.5065 0.4194 0.2921 0.7251 0.5626 0.4368 0.2919 0.6185 0.7575 0.5282 0.3462 0.2322 0.1661 0.4135 0.2279 0.5996 0.4426 0.0772 0.6418 0.5011 0.5603 0.7233 0.6396 0.1064 0.5554 0.3836 0.5234 0.4455 0.5961 0.4446 0.3105 0.3825 0.4405 0.4528 0.6294 0.5173 0.4299 0.2792 0.0000 0.5119 0.2122 0.3730 0.3371 0.3525 0.8788 0.2641 0.4342 0.3755 0.6264 0.7094 0.5927 0.4358 0.6289 0.6139 0.5543 0.6458 0.2271 0.2239 0.4433 0.6418 0.3604 0.4986 0.5636 0.3179 0.5914 0.0986 0.2517 0.4777 0.2957 0.3728 0.2248 0.3521 0.5116 0.6065 0.2880 0.4125 0.5547 0.3609 0.6833 0.4459 0.7386 0.4296 0.6658 0.3295 0.3463 0.6931 0.4742 0.5226 0.3844 0.4749
0.5629 0.5155 0.2883 0.3938 0.8191 0.1881 0.6484 0.7065 0.9506 0.9982 0.6950 0.4741 0.7414 0.6195 0.6730 0.9258 0.2794 0.9108 0.4929 0.3547 0.3704 0.7042 0.3893 0.5570 0.4616 0.7721 0.2288 0.5312 0.7669 0.7249 1.0701 0.6806 0.9501 0.5182 0.5666 0.2368 0.7697 0.5125 0.1631 0.6823 0.6588 0.1438 0.8559 0.9617 0.1728 0.5550 0.3337 0.7710 0.5119 0.0000 0.4085 0.3013 0.8476 0.2321 1.0326 0.2876 0.7117 0.5119 0.1494 0.3076 0.5560 0.3697 0.5967 0.1332 0.8241 0.2445 0.3045 0.4541 0.1166 0.6678 0.7836 1.0092 0.5081 0.3989 0.3463 0.5071 0.2809 0.7135 0.3614 0.1931 0.7366 0.6068 0.2983 0.8698 0.2297 0.2131 0.2048 0.2175 0.9166 0.7137 0.3986 0.9298 0.4294 0.5505 0.3914 0.8908 0.8055 0.7394 0.2654 0.8380
0.5480 0.7081 0.6714 0.1340 0.9153 0.5676 0.3258 0.6879 0.7009 0.9832 0.6751 0.2142 0.5042 0.8123 0.7113 0.6360 0.3151 0.8178 0.7865 0.5680 0.4250 0.3128 0.2590 0.5580 0.0579 0.7693 0.4431 0.1736 0.8001 0.6795 0.7311 0.8326 0.8426 0.2992 0.6698 0.3901 0.7091 0.2459 0.5392 0.6232 0.5094 0.3243 0.6525 0.6289 0.5642 0.6369 0.4798 0.3870 0.2122 0.4085 0.0000 0.4142 0.5128 0.1894 1.0538 0.1218 0.6230 0.5114 0.5501 0.6761 0.6937 0.5006 0.7348 0.5348 0.7470 0.6080 0.2458 0.3622 0.3883 0.7688 0.5724 0.6677 0.6545 0.4145 0.6123 0.1385 0.1365 0.6580 0.3743 0.2238 0.3923 0.5274 0.5319 0.7995 0.1934 0.2408 0.5272 0.3534 0.8720 0.6329 0.7349 0.6204 0.6986 0.1757 0.1341 0.8736 0.6769 0.7004 0.1972 0.6828
0.2625 0.2953 0.3749 0.4901 0.5471 0.3013 0.4836 0.4052 0.6982 0.6997 0.3937 0.5891 0.5008 0.4015 0.3777 0.6988 0.0991 0.6117 0.3868 0.1586 0.0722 0.6046 0.2069 0.2558 0.4697 0.4725 0.0951 0.4319 0.4730 0.4241 0.8712 0.4342 0.6522 0.3184 0.2881 0.0646 0.4694 0.6284 0.2821 0.3835 0.3863 0.1799 0.5879 0.7645 0.3201 0.2670 0.0657 0.6504 0.3730 0.3013 0.4142 0.0000 0.6624 0.3552 0.7407 0.3256 0.4167 0.2116 0.3334 0.3562 0.2956 0.0912 0.3385 0.3278 0.5245 0.3019 0.1706 0.2006 0.1848 0.3930 0.5249 0.8164 0.2510 0.1083 0.2184 0.4273 0.2974 0.4136 0.0903 0.3343 0.5745 0.3158 0.1392 0.5692 0.2561 0.3901 0.2128 0.0943 0.6154 0.4172 0.3681 0.7162 0.2954 0.5899 0.4884 0.5911 0.5154 0.4382 0.4129 0.5537
0.5563 0.8570 1.0314 0.6345 0.8833 0.9435 0.1999 0.6026 0.2668 0.7924 0.5949 0.6763 0.2233 0.9253 0.6852 0.1594 0.6042 0.5736 1.0184 0.7986 0.6116 0.2485 0.4733 0.5779 0.4976 0.6655 0.7479 0.3410 0.7294 0.5635 0.2233 0.8925 0.5696 0.3462 0.7392 0.6918 0.5569 0.6877 0.9185 0.5222 0.3703 0.7137 0.3157 0.1168 0.9539 0.6996 0.7043 0.1874 0.3371 0.8476 0.5128 0.6624 0.0000 0.6827 0.8925 0.5953 0.4816 0.5653 0.9546 1.0170 0.7898 0.6969 0.8142 0.9431 0.5538 0.9582 0.5515 0.4664 0.7709 0.7922 0.2752 0.1616 0.7779 0.5734 0.8707 0.3749 0.5865 0.5405 0.5729 0.7066 0.1205 0.4709 0.7984 0.5935 0.6251 0.7414 0.8664 0.6778 0.6746 0.4961 1.0265 0.1201 0.9296 0.5400 0.6355 0.7118 0.4447 0.5818 0.7061 0.4069
0.5679 0.6406 0.5137 0.1650 0.8998 0.4097 0.4856 0.7177 0.8379 1.0206 0.7049 0.2550 0.6301 0.7488 0.7154 0.7892 0.2711 0.8869 0.6754 0.4824 0.3971 0.5006 0.3014 0.5710 0.2362 0.7950 0.3422 0.3440 0.8102 0.7216 0.9049 0.7887 0.9189 0.4021 0.6415 0.3059 0.7595 0.2950 0.3820 0.6691 0.5928 0.1988 0.7676 0.7995 0.4002 0.6167 0.4155 0.5733 0.3525 0.2321 0.1894 0.3552 0.6827 0.0000 1.0761 0.0884 0.6830 0.5212 0.3805 0.5262 0.6507 0.4460 0.6936 0.3644 0.8065 0.4589 0.2348 0.4021 0.2500 0.7462 0.6885 0.8419 0.6054 0.4049 0.5067 0.3129 0.1054 0.7039 0.3590 0.0391 0.5639 0.5775 0.4342 0.8576 0.1065 0.0602 0.3917 0.2667 0.9203 0.6897 0.6021 0.7815 0.5958 0.3184 0.1626 0.9093 0.7580 0.7404 0.0578 0.7765
0.5109 0.5641 0.9565 1.1718 0.2520 0.9517 0.8692 0.3659 0.6805 0.1049 0.3788 1.2652 0.6837 0.5042 0.3634 0.7814 0.8070 0.3234 0.7242 0.6945 0.6835 1.0402 0.7988 0.5056 1.0914 0.2848 0.8039 0.9544 0.2679 0.3778 0.9622 0.4136 0.3413 0.7728 0.4683 0.8037 0.3585 1.2992 0.9491 0.4345 0.5782 0.9205 0.5816 0.9082 0.9806 0.4776 0.6991 1.0288 0.8788 1.0326 1.0538 0.7407 0.8925 1.0761 0.0000 1.0187 0.4481 0.5553 1.0087 0.9155 0.4912 0.6631 0.4584 1.0113 0.3429 0.9110 0.8444 0.6929 0.9179 0.3752 0.6191 0.9492 0.5362 0.6713 0.7391 0.9769 0.9898 0.4011 0.7172 1.0639 0.9088 0.5289 0.7479 0.2992 0.9696 1.1211 0.8675 0.8346 0.2179 0.4352 0.8310 0.8342 0.7022 1.2050 1.1708 0.1879 0.4494 0.3563 1.1325 0.4860
