3 10 4
0.1912 0.1360
0.7193 0.0610
0.6458 0.6927
0.8608 0.1843
0.2093 0.5821
0.5980 0.0900
0.7491 0.1827
0.8570 0.5549
0.1995 0.7683
0.4335 0.5097
0.9330 0.8585
0.8156 0.8125
0.5564 0.6120
0.0000 0.5334 0.7188 0.6713 0.4465 0.4094 0.5598 0.7866 0.6324 0.4455 1.0356 0.9206 0.6000
0.5334 0.0000 0.6360 0.1877 0.7292 0.1247 0.1253 0.5128 0.8778 0.5320 0.8257 0.7576 0.5746
0.7188 0.6360 0.0000 0.5519 0.4503 0.6046 0.5204 0.2521 0.4527 0.2802 0.3317 0.2078 0.1204
0.6713 0.1877 0.5519 0.0000 0.7633 0.2792 0.1117 0.3706 0.8822 0.5370 0.6781 0.6297 0.5249
0.4465 0.7292 0.4503 0.7633 0.0000 0.6271 0.6715 0.6483 0.1865 0.2357 0.7748 0.6486 0.3485
0.4094 0.1247 0.6046 0.2792 0.6271 0.0000 0.1772 0.5321 0.7867 0.4508 0.8384 0.7545 0.5236
0.5598 0.1253 0.5204 0.1117 0.6715 0.1772 0.0000 0.3876 0.8031 0.4544 0.7004 0.6333 0.4706
0.7866 0.5128 0.2521 0.3706 0.6483 0.5321 0.3876 0.0000 0.6912 0.4258 0.3130 0.2608 0.3059
0.6324 0.8778 0.4527 0.8822 0.1865 0.7867 0.8031 0.6912 0.0000 0.3487 0.7391 0.6177 0.3896
0.4455 0.5320 0.2802 0.5370 0.2357 0.4508 0.4544 0.4258 0.3487 0.0000 0.6092 0.4874 0.1599
1.0356 0.8257 0.3317 0.6781 0.7748 0.8384 0.7004 0.3130 0.7391 0.6092 0.0000 0.1262 0.4501
0.9206 0.7576 0.2078 0.6297 0.6486 0.7545 0.6333 0.2608 0.6177 0.4874 0.1262 0.0000 0.3276
0.6000 0.5746 0.1204 0.5249 0.3485 0.5236 0.4706 0.3059 0.3896 0.1599 0.4501 0.3276 0.0000